&input
  fhop = '../../tb'
  mode = 'chi'
  nkx = 160
  nky = 160
  nkz = 1
  qmode = -1
  fsthick = 10
  qind = 1
  ef = -0.00223207110326
  gam = 0.0001
/
      0.3300000000 0.00 0.00 

